0000110010101110
0000100011101010
0000110111001001
0010010000000110
0000100100100111
0000101110000010
0011000100011101
1110100100011010
1101101000001111
0001010011111010
0000111001101101
1111001000001100
0000010010100110
0001110011111011
1111101111001110
1100010110001010
0001000111101011
1111010000011111
1101101101110101
1111100010000111
1111010000101010
1010100111111000
1101010011101000
0000001101100010
1110001110110010
1101100101010011
1111111001001000
1110010111000010
1010110110011111
1110100110000111
1111100000100100
1101011101110101
1110011111101101
1111110101100000
1110110010010010
1111110110001101
1111011111100111
1111010101110110
1101001010010110
1110001011010111
1111011101100000
1111101001101011
1101000001101001
1111111100111110
1111000100010011
1101010101111100
1110101000000001
1111110001101101
0000110010111001
0000000001000011
0000000100001100
0000000000000010
0000001000110111
0000000011101010
0000000100010110
0000000101100010
0000000011110100
0000000111101111
0000001000100001
0000000010011010
0000000011100001
0000000110111100
0000001000100001
0000000101110010
0000000011011001
0000000001101110
0000000101000101
0000000001100011
0000001000110011
0000000001011100
0000000010010100
1111110111000011
1111111110100000
0000001000011111
0000000011110100
0000000000100011
0000000011110010
0000000100100100
0000000000000011
0000000001100111
1111111110001110
1111111111001000
0000000001100100
0000000111001100
0000001000000100
0000000010000001
0000000011001011
0000000011000110
1111111110000101
1111111111101000
0000000110110001
0000001000001110
0000010000100101
0000000101001001
1111111101000111
0000000011110010
0000001000010100
0000000011101111
1101001101111100
1100110010101101
0001010111100011
1111110011110011
1110100100110000
1100010000101011
1001111000101101
1011110010100110
1111000000110101
1111001010010111
1110100001010100
1111000010100100
1111100001111001
1111100111111010
1001100001111011
1111101001011010
1111110011101100
1111011001100101
1111010010100011
1111101000000110
1111101101001111
1011010010010101
1111111100100010
1111111111101100
1111011110100011
1111001110011100
1111101001011101
1111110110101000
1100010111011001
0000000111000010
1111111111111011
1111011101000110
1111101100001100
0000011111101000
0001000101001011
1110000010110111
0000011101100111
0000011110101110
1111011111111010
1111110000010010
1111100010101001
1111000110111111
1111000101000111
0000011011111001
0000111000000111
1111111001010101
1110111010101100
1110100010101100
1110100101101100
1001011100000110
1100101110010000
1111011000000101
1101111110100000
1101101001100110
1101111101001100
1101110000111010
1111010110001110
1111110100101100
1111110111100010
1111110110000010
0000000010100100
1111111100111010
1111111100000010
1111100111000101
1111111111101111
1111111010100110
1111110001110010
0000000001001101
1111100101111100
1110111100100100
1100110100111111
0000011100001101
1111111110011001
1111100000110010
1111101100001111
1111111100111001
1111011011001101
1111101110101100
0000101101010010
1111110100111110
1111100011100100
0000000000110001
1111110110010111
1111001010000111
0000111011001101
0001001000101011
0000001001110010
1111111011100000
1111010010000100
1110011010110111
1101001010111010
0000010111110011
0000001100001011
0000010010001011
0000000101001101
1111010111110001
1110101111100110
1110000111111011
0000000111011110
1110110011101100
1100111000000001
1011111000011100
1101001001100000
1101010010010001
1110100110011001
0001010111001010
0000010111000010
0001111111011000
0000111100000001
1110111100110101
1110011100100101
1110110000100100
0000101110100110
1111001111101100
1110111101100000
1101111111110101
1101110111101010
1110100000110001
1111101111100011
1111100111110110
1101011110101011
1110001011001101
1110100111100101
1111000010100111
1111011011101101
0000001111110101
1111111001000100
1111000010110100
1111101010111101
1111110001111000
1111100001011100
1111100111010010
0000101010010101
0000100001111001
1110011110011010
1110001100101011
1110110111100100
1110111010001000
1111101111000001
0001100100111010
1110111110111100
1100100011111100
1101010010110000
1110110110111111
1111011111010011
0000101101000110
0010011101111110

